3
19
57
63
69
73
91
103
129
171
183
193
211
223
237
253
283
319
363
367
379
393
403
411
417
427
447
487
519
567
579
621
631
637
669
699
703
721
739
747
801
817
819
861
901
943
951
1009
1099
1111
1149
1201
1209
1237
1239
1249
1267
1287
1291
1317
1347
1363
1377
1389
1399
1467
1489
1509
1513
1551
1557
1567
1641
1659
1693
1729
1771
1807
1831
1837
1839
1863
1909
1921
1923
1939
1957
1989
2017
2031
2041
2059
2061
2097
2103
2181
2191
2199
2229
2251
2299
2313
2317
2353
2359
2373
2413
2497
2499
2503
2511
2539
2587
2617
2677
2689
2731
2757
2827
2847
2863
2889
2911
2913
2941
2943
2953
3039
3067
3069
3087
3097
3163
3211
3223
3241
3249
3277
3303
3319
3361
3373
3379
3381
3447
3457
3471
3517
3559
3583
3591
3627
3657
3661
3699
3709
3757
3759
3787
3813
3853
3867
3897
3921
3951
3997
4021
4053
4099
4107
4171
4177
4207
4267
4333
4407
4437
4449
4471
4483
4501
4521
4539
4591
4653
4677
4707
4719
4749
4761
4809
4827
4837
4843
4849
4861
4903
4917
4953
4987
4989
5011
5023
5031
5037
5041
5067
5103
5143
5163
5169
5181
5227
5239
5257
5263
5407
5419
5431
5433
5449
5461
5481
5503
5529
5559
5583
5617
5631
5671
5673
5683
5691
5701
5731
5761
5793
5799
5803
5821
5841
5863
5869
5881
5883
5907
5953
5991
6033
6037
6039
6097
6109
6147
6163
6193
6201
6217
6259
6277
6279
6289
6307
6339
6399
6409
6411
6433
6439
6459
6489
6499
6517
6543
6619
6663
6679
6703
6721
6741
6759
6789
6867
6877
7017
7071
7089
7143
7147
7167
7279
7293
7299
7309
7351
7413
7417
7431
7531
7533
7537
7539
7573
7587
7603
7621
7629
7671
7699
7711
7753
7791
7801
7837
7869
7879
7927
7963
8001
8037
8079
8083
8127
8131
8161
8169
8181
8209
8211
8253
8349
8377
8397
8421
8431
8443
8469
8481
8523
8527
8551
8569
8587
8601
8617
8653
8737
8739
8761
8781
8799
8841
8853
8869
8883
8931
8937
8947
9009
9069
9079
9091
9103
9159
9181
9189
9199
9283
9309
9349
9363
9387
9393
9397
9399
9507
9511
9541
9547
9583
9601
9633
9639
9649
9699
9717
9729
9741
9819
9831
9849
9861
9939
9997
10039
10053
10057
10081
10093
10101
10141
10147
10179
10191
10203
10237
10239
10251
10287
10321
10437
10479
10491
10549
10573
10611
10681
10687
10723
10729
10749
10771
10807
10813
10849
10863
10881
10909
10983
11011
11043
11061
11073
11103
11107
11119
11143
11157
11173
11187
11257
11281
11289
11311
11341
11343
11403
11427
11479
11497
11499
11521
11539
11581
11583
11589
11623
11641
11653
11673
11677
11679
11689
11719
11733
11739
11773
11791
11799
11817
11833
11857
11911
11997
12001
12061
12069
12087
12097
12103
12157
12183
12187
12193
12223
12247
12261
12303
12337
12349
12361
12367
12391
12397
12417
12429
12459
12477
12493
12501
12547
12561
12573
12579
12597
12631
12649
12661
12667
12669
12703
12711
12769
12771
12817
12831
12897
12901
12909
12919
12967
13011
13059
13081
13093
13131
13137
13159
13167
13227
13263
13293
13297
13303
13353
13413
13429
13441
13537
13543
13549
13557
13579
13593
13681
13719
13753
13783
13821
13879
13887
13929
13941
13957
13959
14019
14043
14067
14143
14151
14161
14167
14173
14187
14203
14221
14227
14259
14271
14383
14421
14437
14479
14511
14523
14533
14601
14607
14619
14671
14679
14773
14781
14809
14937
14941
14973
15001
15009
15021
15039
15111
15123
15151
15153
15187
15211
15277
15301
15333
15351
15373
15393
15439
15469
15483
15597
15607
15613
15673
15741
15747
15751
15757
15789
15799
15823
15831
15837
15859
15873
15877
15967
15991
15993
16029
16057
16089
16167
16177
16191
16197
16201
16251
16261
16297
16339
16359
16393
16407
16429
16461
16471
16483
16539
16551
16579
16609
16647
16671
16681
16707
16723
16729
16737
16749
16761
16771
16803
16899
16917
16933
16939
16983
17011
17017
17049
17059
17071
17101
17127
17209
17239
17289
17329
17347
17407
17413
17433
17437
17449
17461
17479
17517
17569
17581
17613
17617
17653
17679
17707
17721
17727
17731
17781
17809
17823
17839
17857
17877
17883
17917
17967
17991
18003
18049
18057
18081
18103
18121
18133
18177
18193
18201
18219
18243
18249
18267
18273
18331
18337
18367
18381
18403
18409
18411
18421
18439
18499
18577
18603
18609
18627
18639
18649
18673
18687
18691
18747
18763
18823
18837
18889
18903
18927
18981
19011
19039
19059
19111
19113
19153
19159
19227
19237
19243
19293
19363
19393
19429
19467
19477
19501
19519
19543
19557
19591
19599
19677
19719
19729
19767
19771
19809
19813
19849
19857
19893
19909
20013
20049
20053
20083
20137
20143
20151
20167
20181
20229
20233
20247
20271
20331
20347
20359
20377
20383
20391
20401
20413
20469
20521
20541
20551
20581
20587
20619
20629
20649
20691
20697
20709
20721
20727
20739
20749
20763
20779
20851
20889
20959
20971
21001
21021
21031
21063
21091
21109
21157
21181
21193
21201
21211
21217
21223
21229
21243
21267
21291
21301
21307
21339
21423
21447
21469
21489
21493
21501
21547
21579
21591
21607
21613
21699
21721
21747
21753
21769
21783
21799
21861
21871
21907
21909
21939
21967
21981
21987
22027
22093
22099
22113
22117
22119
22149
22189
22191
22231
22249
22251
22281
22321
22341
22371
22393
22399
22407
22413
22429
22467
22477
22513
22519
22659
22671
22687
22719
22741
22747
22761
22849
22869
22891
22923
22939
22959
22971
22977
22999
23007
23023
23029
23031
23037
23041
23061
23089
23091
23143
23157
23181
23187
23197
23203
23209
23257
23259
23269
23313
23349
23353
23407
23433
23439
23449
23493
23533
23587
23611
23649
23659
23707
23731
23803
23817
23821
23863
23887
23889
23931
23953
24027
24043
24063
24079
24087
24093
24123
24133
24141
24169
24193
24217
24259
24279
24291
24297
24309
24361
24373
24391
24417
24429
24433
24441
24459
24489
24513
24547
24571
24643
24673
24697
24757
24807
24811
24823
24853
24879
24897
24907
24913
24921
24951
24961
24973
24981
24991
25033
25039
25087
25093
25101
25143
25233
25267
25291
25299
25341
25357
25479
25621
25677
25747
25753
25777
25789
25813
25843
25849
25941
25963
25971
26031
26047
26067
26097
26199
26209
26227
26293
26299
26311
26317
26361
26391
26397
26407
26421
26431
26437
26457
26461
26487
26493
26523
26557
26563
26569
26571
26583
26593
26671
26691
26697
26701
26743
26781
26793
26803
26853
26869
26899
26923
27037
27073
27087
27093
27103
27109
27123
27139
27159
27181
27189
27217
27219
27273
27277
27301
27343
27433
27451
27487
27511
27627
27649
27651
27663
27667
27681
27727
27733
27759
27769
27807
27811
27837
27873
27889
27901
27927
27951
27957
27961
27999
28033
28039
28053
28059
28071
28101
28123
28137
28231
28263
28267
28269
28281
28287
28327
28363
28369
28393
28399
28407
28437
28459
28477
28503
28573
28587
28663
28669
28671
28683
28699
28717
28759
28827
28831
28939
28983
28993
29011
29013
29029
29043
29083
29089
29097
29133
29179
29193
29221
29229
29251
29263
29293
29299
29347
29359
29377
29383
29391
29439
29473
29499
29527
29553
29559
29629
29631
29667
29673
29697
29739
29791
29799
29863
29881
29889
29923
29929
29953
29973
29979
29991
30021
30049
30057
30061
30069
30093
30111
30127
30153
30157
30181
30213
30271
30309
30327
30331
30363
30399
30483
30511
30517
30541
30577
30679
30769
30771
30777
30811
30829
30831
30847
30873
30891
30939
30957
30967
30969
30997
31029
31063
31069
31093
31111
31123
31129
31137
31147
31179
31207
31213
31237
31303
31357
31359
31371
31377
31401
31459
31497
31567
31581
31687
31693
31699
31711
31713
31759
31767
31783
31819
31837
31839
31843
31861
31893
31897
31899
31903
31941
31981
31993
32047
32169
32193
32211
32271
32311
32313
32329
32371
32383
32409
32437
32443
32463
32481
32487
32499
32553
32557
32581
32599
32607
32611
32641
32677
32689
32703
32733
32767
32787
32863
32901
32917
32931
32947
32991
33123
33129
33139
33171
33201
33219
33223
33229
33279
33303
33307
33339
33373
33417
33447
33457
33481
33499
33531
33541
33543
33579
33619
33633
33649
33747
33831
33849
33877
33891
33907
33921
33937
33951
34003
34009
34011
34023
34059
34063
34083
34089
34111
34117
34137
34161
34219
34279
34297
34311
34399
34437
34461
34467
34489
34503
34531
34581
34597
34611
34621
34647
34683
34713
34773
34801
34803
34807
34821
34831
34839
34857
34861
34863
34891
34929
34971
34977
34999
35019
35067
35097
35101
35131
35137
35169
35199
35203
35227
35253
35263
35277
35293
35371
35379
35431
35437
35449
35511
35517
35533
35539
35547
35593
35617
35623
35659
35661
35677
35721
35757
35769
35781
35787
35803
35869
35887
35899
35907
35913
35923
35959
35979
35997
36009
36043
36063
36099
36109
36159
36211
36223
36237
36259
36289
36291
36307
36351
36361
36369
36391
36427
36429
36463
36469
36541
36573
36583
36639
36651
36681
36727
36769
36783
36811
36813
36817
36831
36837
36841
36859
36867
36889
36901
36907
36951
36993
36999
37021
37029
37041
37069
37099
37107
37113
37143
37231
37251
37297
37299
37317
37323
37369
37387
37413
37441
37443
37479
37513
37551
37563
37593
37597
37647
37651
37693
37717
37743
37747
37749
37773
37779
37783
37807
37861
37867
37869
37897
37933
37947
37971
37981
37999
38007
38011
38013
38029
38053
38067
38091
38113
38139
38241
38293
38311
38329
38331
38367
38389
38419
38469
38511
38617
38667
38683
38701
38739
38773
38799
38823
38907
38913
38923
38937
38953
38977
39021
39037
39039
39049
39067
39081
39093
39109
39121
39127
39133
39151
39163
39211
39219
39253
39261
39291
39343
39393
39417
39427
39429
39463
39483
39523
39609
39621
39627
39681
39687
39697
39747
39771
39813
39877
39921
39961
39967
39969
39973
39987
40027
40039
40053
40081
40087
40131
40137
40191
40201
40207
40213
40263
40269
40363
40417
40443
40461
40473
40479
40521
40561
40597
40599
40603
40639
40677
40681
40689
40731
40747
40773
40783
40807
40813
40857
40879
40887
40909
40953
40957
40989
40999
41049
41067
41077
41107
41133
41151
41161
41199
41203
41233
41269
41301
41343
41347
41461
41487
41509
41517
41527
41541
41563
41593
41619
41623
41637
41643
41697
41719
41829
41833
41859
41923
41937
41943
41959
41971
41983
42001
42003
42007
42027
42061
42063
42067
42073
42187
42199
42213
42243
42249
42267
42313
42319
42333
42349
42357
42393
42411
42427
42433
42511
42529
42573
42579
42591
42619
42631
42651
42669
42673
42693
42757
42771
42811
42859
42913
42957
42963
42979
42981
43069
43113
43123
43197
43239
43261
43263
43281
43291
43293
43309
43323
43369
43371
43383
43417
43431
43461
43489
43497
43503
43513
43537
43579
43593
43617
43651
43723
43761
43771
43777
43797
43821
43837
43861
43867
43879
43917
43921
43929
44007
44037
44119
44149
44173
44239
44247
44283
44289
44293
44377
44379
44439
44467
44481
44491
44499
44511
44527
44569
44577
44587
44631
44679
44691
44701
44709
44719
44737
44757
44761
44773
44779
44797
44829
44839
44841
44853
44899
44901
44961
45001
45007
45009
45043
45109
45177
45193
45261
45279
45291
45297
45337
45363
45399
45417
45423
45451
45553
45559
45571
45609
45661
45703
45753
45777
45781
45811
45841
45853
45879
45969
45979
45997
46011
46053
46077
46129
46147
46173
46189
46207
46219
46249
46269
46287
46353
46389
46459
46501
46533
46551
46579
46623
46651
46677
46693
46767
46777
46789
46801
46807
46911
46929
46957
46959
46981
46989
47031
47041
47067
47083
47167
47193
47317
47347
47383
47403
47421
47431
47439
47487
47517
47533
47557
47577
47601
47671
47739
47743
47751
47757
47781
47803
47811
47863
47883
47893
47911
47929
47947
47949
48009
48021
48081
48087
48091
48103
48139
48171
48229
48237
48271
48289
48339
48349
48373
48397
48409
48427
48501
48517
48597
48639
48693
48697
48699
48727
48741
48831
48867
48871
48877
48909
48927
48931
48937
48943
48969
48997
49003
49011
49057
49069
49099
49119
49143
49173
49183
49213
49249
49257
49339
49341
49363
49371
49381
49393
49503
49537
49573
49629
49651
49683
49717
49753
49839
49843
49873
49917
49927
49971
49987
49993
50043
50067
50071
50107
50151
50169
50217
50251
50281
50299
50347
50349
50401
50407
50413
50433
50457
50481
50499
50517
50533
50569
50587
50617
50637
50727
50769
50781
50803
50817
50841
50847
50851
50901
50907
50911
50937
50949
50961
50971
51003
51043
51091
51097
51111
51121
51141
51163
51169
51187
51213
51223
51237
51247
51271
51279
51297
51321
51351
51369
51397
51409
51469
51477
51553
51559
51597
51661
51673
51699
51721
51727
51733
51769
51867
51897
51919
51961
51979
52021
52023
52041
52063
52093
52129
52147
52149
52203
52209
52219
52261
52297
52353
52377
52389
52393
52419
52461
52501
52539
52549
52563
52587
52599
52609
52627
52639
52651
52653
52683
52701
52741
52777
52783
52819
52821
52837
52843
52849
52851
52861
52897
52927
52941
52953
52983
52987
53019
53031
53059
53073
53079
53089
53161
53187
53227
53233
53287
53341
53353
53383
53401
53409
53427
53431
53457
53463
53467
53469
53529
53583
53599
53679
53697
53707
53719
53757
53761
53773
53787
53817
53833
53863
53911
53917
53947
53961
53991
53997
54009
54013
54027
54081
54093
54123
54139
54177
54229
54237
54279
54303
54339
54361
54379
54393
54409
54411
54447
54477
54501
54507
54513
54529
54559
54571
54607
54619
54621
54633
54657
54709
54717
54729
54747
54751
54783
54823
54859
54883
54901
54969
55021
55059
55087
55117
55153
55167
55231
55249
55251
55263
55279
55317
55327
55329
55357
55411
55423
55443
55489
55503
55509
55513
55527
55537
55543
55563
55609
55629
55647
55653
55663
55669
55671
55717
55731
55737
55759
55761
55801
55803
55879
55899
55917
55923
55959
55989
56011
56043
56047
56067
56089
56109
56127
56157
56217
56227
56239
56241
56257
56269
56271
56293
56311
56329
56337
56353
56391
56419
56427
56439
56491
56493
56523
56599
56617
56619
56623
56631
56661
56691
56731
56733
56749
56757
56817
56833
56841
56869
56881
56887
56911
56943
56953
57007
57019
57051
57057
57063
57067
57097
57109
57141
57169
57231
57243
57247
57259
57279
57291
57301
57351
57357
57411
57453
57463
57477
57523
57529
57561
57609
57631
57649
57669
57693
57711
57721
57771
57783
57799
57819
57867
57873
57877
57909
57943
57981
58003
58017
58029
58033
58051
58071
58083
58089
58111
58141
58149
58177
58189
58209
58227
58231
58269
58299
58377
58413
58441
58479
58503
58519
58539
58591
58611
58657
58713
58729
58731
58761
58773
58813
58833
58857
58861
58887
58909
58947
58957
58993
59023
59043
59059
59101
59197
59217
59283
59287
59307
59343
59347
59407
59409
59413
59443
59449
59473
59487
59491
59493
59503
59521
59529
59539
59541
59623
59641
59647
59659
59661
59689
59763
59821
59839
59851
59857
59919
59923
59937
59959
59961
59967
59977
60001
60009
60021
60033
60037
60049
60081
60103
60133
60157
60187
60241
60253
60283
60291
60327
60333
60351
60361
60367
60379
60411
60427
60439
60451
60453
60481
60507
60519
60541
60549
60591
60603
60613
60621
60661
60681
60751
60777
60781
60801
60829
60837
60841
60847
60877
60889
60907
60949
60967
61017
61023
61053
61059
61081
61107
61153
61167
61179
61191
61201
61279
61311
61321
61327
61351
61363
61417
61437
61443
61459
61467
61471
61509
61521
61617
61621
61633
61663
61669
61677
61713
61719
61723
61729
61789
61813
61849
61851
61867
61893
61927
61969
61977
61989
62031
62079
62083
62091
62119
62121
62133
62181
62223
62277
62301
62311
62317
62329
62359
62367
62389
62403
62427
62451
62457
62497
62521
62559
62563
62577
62581
62587
62611
62619
62623
62649
62661
62709
62769
62853
62881
62887
62893
62901
62923
62989
62991
63003
63013
63019
63027
63049
63069
63129
63153
63157
63181
63187
63217
63223
63249
63259
63277
63301
63309
63333
63357
63391
63393
63439
63507
63519
63523
63607
63633
63673
63721
63771
63777
63783
63811
63829
63843
63861
63871
63913
63957
63963
64011
64029
64041
64057
64077
64081
64123
64207
64221
64261
64293
64299
64327
64357
64371
64383
64419
64431
64467
64519
64561
64573
64587
64617
64701
64707
64713
64753
64797
64803
64809
64821
64839
64867
64891
64921
64977
64981
64993
65013
65031
65047
65079
65089
65149
65197
65203
65239
65257
65283
65293
65323
65343
65359
65491
65493
65499
65523
65527
65589
65611
65619
65667
65677
65721
65751
65779
65793
65817
65833
65929
65961
65967
66021
66027
66079
66109
66139
66141
66151
66171
66237
66247
66261
66273
66303
66337
66349
66373
66421
66459
66487
66493
66513
66519
66531
66559
66561
66589
66613
66651
66679
66709
66729
66811
66813
66823
66853
66867
66871
66913
66921
66939
66987
66993
67033
67053
67059
67117
67183
67257
67269
67287
67291
67309
67357
67369
67381
67413
67429
67441
67443
67449
67473
67477
67491
67513
67551
67593
67653
67669
67737
67779
67801
67807
67821
67833
67837
67879
67891
67899
67939
67971
67977
68001
68029
68137
68151
68187
68193
68197
68199
68211
68251
68257
68323
68353
68359
68361
68373
68391
68433
68463
68479
68523
68563
68593
68647
68661
68673
68719
68743
68781
68787
68827
68841
68853
68887
68919
68929
68941
68943
68947
68977
68991
69031
69073
69079
69133
69159
69177
69181
69237
69259
69271
69283
69291
69307
69381
69399
69409
69417
69427
69451
69457
69487
69501
69513
69529
69531
69541
69549
69577
69633
69639
69657
69703
69717
69723
69739
69759
69781
69787
69831
69837
69847
69879
69973
69987
70017
70047
70087
70117
70119
70171
70231
70249
70251
70279
70341
70389
70449
70453
70461
70477
70501
70503
70531
70549
70563
70579
70617
70623
70699
70741
70747
70767
70777
70809
70839
70897
70927
70981
70983
70993
71001
71011
71037
71079
71109
71113
71151
71167
71181
71191
71221
71229
71239
71271
71307
71341
71361
71383
71497
71511
71517
71551
71571
71583
71607
71629
71637
71667
71683
71727
71733
71739
71757
71763
71767
71887
71917
71923
71937
71943
71949
71971
71979
72001
72031
72097
72187
72189
72223
72229
72241
72253
72259
72279
72343
72363
72369
72387
72399
72421
72429
72541
72559
72561
72567
72577
72649
72651
72691
72717
72721
72751
72763
72787
72793
72807
72811
72829
72841
72883
72919
72943
72967
72981
72987
73009
73023
73051
73053
73057
73119
73143
73153
73179
73207
73221
73309
73377
73401
73423
73449
73461
73473
73477
73479
73483
73489
73501
73507
73531
73581
73599
73617
73633
73653
73669
73711
73717
73783
73807
73821
73893
73911
73989
74001
74019
74059
74121
74227
74259
74281
74311
74331
74347
74353
74401
74437
74451
74467
74497
74553
74611
74631
74641
74653
74679
74793
74817
74869
74871
74887
74947
74953
74961
74971
74989
74997
75003
75013
75033
75039
75051
75067
75127
75141
75151
75157
75193
75213
75229
75271
75277
75297
75337
75361
75379
75387
75391
75403
75411
75429
75459
75501
75529
75541
75619
75627
75673
75733
75771
75781
75793
75823
75841
75859
75873
75907
75913
75939
75961
76017
76051
76107
76173
76201
76203
76219
76221
76227
76249
76257
76263
76299
76369
76381
76383
76387
76419
76437
76441
76443
76543
76549
76581
76597
76609
76623
76641
76677
76707
76713
76717
76731
76777
76779
76789
76801
76843
76873
76881
76921
76927
76983
76999
77061
77101
77103
77131
77157
77179
77223
77251
77253
77257
77271
77337
77343
77349
77379
77407
77409
77461
77493
77509
77539
77547
77559
77577
77599
77623
77629
77659
77719
77773
77799
77811
77841
77889
77893
77911
77937
77997
78021
78033
78051
78099
78103
78111
78141
78147
78151
78181
78187
78223
78249
78253
78267
78289
78313
78357
78391
78433
78457
78463
78471
78531
78543
78553
78601
78631
78663
78667
78681
78691
78729
78769
78819
78823
78837
78859
78879
78883
78909
78921
78943
78973
78991
79041
79129
79143
79177
79209
79219
79237
79281
79317
79321
79323
79329
79369
79381
79437
79453
79467
79479
79483
79507
79513
79521
79537
79563
79573
79579
79593
79609
79611
79617
79657
79723
79743
79749
79797
79801
79807
79821
79873
79911
79929
79947
80013
80029
80031
80053
80077
80091
80097
80107
80127
80161
80199
80247
80253
80259
80263
80269
80307
80353
80419
80443
80461
80469
80487
80497
80529
80553
80559
80571
80617
80623
80659
80689
80701
80703
80707
80737
80749
80779
80787
80809
80839
80857
80871
80881
80889
80899
81009
81039
81043
81061
81117
81151
81171
81213
81231
81243
81261
81273
81303
81327
81333
81397
81451
81483
81487
81541
81549
81589
81603
81607
81613
81673
81717
81723
81739
81751
81757
81763
81777
81849
81931
81967
81969
81997
82033
82059
82071
82081
82093
82137
82153
82167
82177
82239
82257
82267
82309
82419
82437
82489
82509
82629
82657
82683
82711
82737
82771
82837
82857
82911
82951
82953
82977
82989
82993
83011
83013
83067
83109
83119
83137
83143
83167
83193
83203
83217
83223
83241
83283
83329
83361
83389
83397
83473
83487
83493
83503
83509
83511
83517
83523
83527
83541
83653
83679
83683
83731
83793
83817
83919
83949
83983
84003
84027
84033
84057
84097
84117
84183
84189
84199
84207
84211
84253
84361
84367
84397
84399
84421
84451
84463
84477
84511
84553
84559
84567
84577
84601
84603
84619
84633
84637
84643
84663
84693
84699
84739
84753
84757
84777
84837
84969
84991
85027
85033
85063
85089
85137
85179
85219
85249
85257
85323
85327
85347
85399
85411
85441
85453
85531
85533
85579
85593
85707
85749
85761
85807
85827
85833
85863
85891
85903
85917
85971
86013
86019
86059
86077
86079
86083
86091
86103
86149
86167
86181
86191
86203
86239
86253
86271
86281
86301
86349
86353
86467
86497
86503
86547
86551
86553
86577
86601
86617
86649
86653
86689
86709
86749
86761
86793
86811
86829
86847
86889
86919
86943
86973
87001
87013
87021
87051
87081
87157
87193
87303
87337
87349
87379
87387
87409
87417
87423
87457
87471
87487
87501
87567
87573
87591
87651
87667
87721
87729
87739
87763
87783
87867
87939
87961
88011
88033
88059
88101
88113
88131
88267
88281
88323
88333
88347
88351
88359
88381
88401
88407
88423
88429
88437
88443
88453
88491
88527
88557
88561
88563
88581
88609
88647
88687
88701
88729
88759
88807
88819
88821
88831
88843
88861
88891
88921
88933
88971
88983
88989
89037
89047
89071
89109
89157
89209
89223
89263
89353
89401
89407
89421
89491
89499
89569
89611
89613
89619
89641
89659
89703
89727
89731
89733
89743
89823
89841
89863
89887
89899
89919
89947
89953
89971
89997
90049
90051
90081
90087
90117
90139
90163
90193
90249
90259
90261
90273
90277
90279
90303
90339
90343
90357
90387
90397
90409
90423
90447
90451
90493
90499
90537
90601
90643
90657
90679
90699
90733
90741
90763
90783
90819
90831
90837
90843
90849
90871
90891
90909
90951
90961
91003
91041
91047
91069
91101
91143
91171
91189
91207
91221
91237
91239
91251
91267
91273
91293
91329
91353
91363
91407
91441
91447
91473
91483
91501
91519
91531
91573
91591
91621
91677
91687
91693
91717
91767
91773
91791
91809
91827
91837
91843
91869
91887
91959
91969
91987
91999
92013
92037
92107
92109
92187
92253
92319
92329
92359
92403
92419
92433
92457
92499
92539
92559
92587
92593
92601
92617
92679
92701
92713
92721
92743
92823
92853
92859
92869
92889
92947
93003
93049
93057
93073
93079
93091
93121
93159
93163
93187
93231
93241
93247
93267
93279
93301
93313
93337
93357
93387
93397
93411
93421
93433
93451
93469
93489
93493
93507
93541
93577
93591
93597
93603
93679
93691
93717
93729
93763
93783
93801
93859
93873
93883
93901
93937
93943
93961
93969
93981
94011
94057
94063
94087
94099
94111
94141
94149
94171
94237
94263
94269
94281
94297
94303
94339
94351
94423
94429
94503
94527
94539
94573
94581
94651
94723
94729
94737
94759
94771
94797
94809
94863
94881
94923
94927
94933
94941
94969
94983
95023
95047
95049
95067
95073
95077
95103
95137
95161
95191
95211
95227
95229
95257
95277
95301
95343
95361
95413
95427
95449
95463
95487
95493
95509
95527
95563
95593
95649
95661
95719
95721
95731
95737
95751
95757
95779
95799
95817
95827
95869
95893
95947
95953
95967
95973
95977
95983
96043
96051
96067
96073
96099
96117
96121
96123
96129
96159
96181
96193
96199
96213
96253
96277
96303
96439
96457
96499
96513
96531
96541
96543
96589
96613
96619
96621
96633
96643
96663
96673
96697
96717
96723
96759
96811
96837
96843
96871
96883
96913
96919
96991
97051
97063
97081
97089
97143
97147
97213
97233
97287
97297
97299
97303
97333
97363
97371
97387
97419
97443
97453
97459
97471
97497
97563
97573
97647
97663
97669
97671
97819
97831
97833
97837
97861
97903
97909
97927
97983
98001
98017
98043
98049
98089
98091
98113
98157
98229
98239
98269
98281
98301
98307
98329
98397
98403
98409
98433
98439
98469
98493
98503
98509
98521
98581
98641
98661
98683
98719
98721
98773
98797
98817
98827
98839
98883
98893
98899
98953
98973
98977
99027
99079
99103
99151
99189
99201
99217
99219
99237
99291
99307
99357
99363
99403
99411
99427
99457
99567
99657
99709
99723
99733
99751
99777
99841
99877
99909
99939
99949
99951
99963